tram -1 -1 -10 143.52 639.06 244.89 871.05 -1 -1 -1 -1000 -1000 -1000 -10 0.9923
tram -1 -1 -10 139.07 791.47 310.99 1022.16 -1 -1 -1 -1000 -1000 -1000 -10 0.9923
tram -1 -1 -10 149.27 493.18 167.14 512.31 -1 -1 -1 -1000 -1000 -1000 -10 0.9848
tram -1 -1 -10 161.21 377.02 194.06 408.41 -1 -1 -1 -1000 -1000 -1000 -10 0.9559
tram -1 -1 -10 154.81 451.88 169.89 470.23 -1 -1 -1 -1000 -1000 -1000 -10 0.9500
tram -1 -1 -10 147.59 531.22 165.39 569.41 -1 -1 -1 -1000 -1000 -1000 -10 0.9302
tram -1 -1 -10 170.38 285.86 217.37 358.15 -1 -1 -1 -1000 -1000 -1000 -10 0.9084
tram -1 -1 -10 163.55 406.78 185.55 428.35 -1 -1 -1 -1000 -1000 -1000 -10 0.8711
tram -1 -1 -10 165.12 344.34 205.53 393.16 -1 -1 -1 -1000 -1000 -1000 -10 0.8659
tram -1 -1 -10 154.89 441.19 171.29 459.16 -1 -1 -1 -1000 -1000 -1000 -10 0.8312
tram -1 -1 -10 158.63 416.20 179.32 440.35 -1 -1 -1 -1000 -1000 -1000 -10 0.8031
tram -1 -1 -10 142.63 562.35 152.03 576.09 -1 -1 -1 -1000 -1000 -1000 -10 0.7941
tram -1 -1 -10 143.41 584.66 157.27 610.03 -1 -1 -1 -1000 -1000 -1000 -10 0.7937
tram -1 -1 -10 150.01 514.31 159.03 525.64 -1 -1 -1 -1000 -1000 -1000 -10 0.7282
tram -1 -1 -10 165.64 356.81 196.40 402.11 -1 -1 -1 -1000 -1000 -1000 -10 0.6987
tram -1 -1 -10 160.74 385.92 187.21 422.06 -1 -1 -1 -1000 -1000 -1000 -10 0.6379
